1527604388 21
1527604751 22
1527605173 23
1527605594 23
1527605910 24
1527606223 23
1527606458 23
1527606844 69
1527607038 204
1527607281 203
1527607332 300
1527607664 300
1531169341 165
1531169353 119
1531169497 31
1531598357 40
1531598920 41
1533300708 43
1536872293 43
1537612983 44
1538746051 233
1538746117 234
1538746177 234
1538746515 235
1539092295 239
1539255407 238
1539255945 236
1539262802 242
1541195291 243
1541195411 243
1541195685 243
1543768625 245
1543769943 243
1544736792 243
1544737299 261
1544737397 261
1544737840 337
1544872879 261
1544886738 250
1545428732 239
1546080965 249
1549313818 228
1549313857 252
1549572654 1094
1549581656 1094
1549623583 0
1549623736 1006
1549919447 1019
1550614505 2037
