1527604388 1
1527604751 2
1527605173 3
1527605594 4
1527605910 5
1527606223 6
1527606458 7
1527606844 8
1527607038 9
1527607281 10
1527607332 11
1527607664 12
1531169341 13
1531169353 14
1531169497 15
1531598357 16
1531598920 17
1533300708 18
1536872293 19
1537612983 20
1538746051 21
1538746117 22
1538746177 23
1538746515 24
1539092295 25
1539255407 26
1539255945 27
1539262802 28
1541195291 29
1541195411 30
1541195685 31
1543768625 32
1543769943 33
1544736792 34
1544737299 35
1544737397 36
1544737840 37
1544872879 38
1544886738 39
1545428732 40
1546080965 41
1549313818 42
1549313857 43
1549572654 44
1549581656 45
1549623583 46
1549623736 47
1549919447 48
1550614505 49
1551004312 50
1552323080 51
