1527604388 21
1527604751 22
1527605173 23
1527605594 24
1527605910 25
1527606223 25
1527606458 26
1527606844 72
1527607038 207
1527607281 207
1527607332 304
1527607664 306
1531169341 306
1531169353 306
1531169497 308
1531598357 317
1531598920 318
1533300708 321
1536872293 322
1537612983 324
1538746051 516
1538746117 517
1538746177 517
1538746515 518
1539092295 522
1539255407 522
1539255945 523
1539262802 533
1541195291 534
1541195411 535
1541195685 536
1543768625 570
1543769943 602
1544736792 603
1544737299 621
1544737397 625
1544737840 701
1544872879 701
1544886738 705
1545428732 721
1546080965 856
1549313818 856
1549313857 880
1549572654 1722
1549581656 1723
1549623583 1723
1549623736 2729
1549919447 2834
1550614505 3852
1551004312 4874
1552323080 5900
